 

 

ἢ ”G L 05'391AR 31 du M, ,ᾗ 199

   

 

Anni Reges Anni Eme Anni Reges
chrssi 7 H1span. Chraessi
4 2182--— Alaricus cum 480 42
“’ 8 3 ¹ adigatho. 8 1 4 3
5⁸84 82 44
85 83 4>
86 ⁷ 84 46
87 8,- 47
88 86 48
89 87 49
390 88 450
91 89 51
92 490 5' 2--4AThrffintma'u2n
9 3 9 1 5 3 Theuderzcw,
94 9λ 54
95 93 55
96 94 56
97 95 57
98 96 58
99 97 59
400 98 4(0
, 1 99 61
2 500 62
3 1 63
4 2 64
5 3 6 ς
6 4 66-- E ι s
7 5 67
8 6 68
μ,9 7 69
410 8 470
1 1-Athamphus, 9 7 1
1 ’.ι ς’ἸΟ 72
13 1 1 73
14 . 1 2 74
¹ 5 Ι 3 75
16····Segericus ‚ &³ 14 76
1 7 eodem an. 1 5: 7 7
¹ 8 Vallia 1 ὁ 7 8 ἡ
1 9⁸*172euderedua ’ 1 7 79
420 1 8 480
2 1 1 9 8 1
22 520 82
2 3 2 1 8 3.... Alaricus.
24 22 84 '
{2 ΞΒ · ἒξ
3} ἐξ
29 27 89
430 28 490
3 1 29 9 1
3 2 5 3 0 92
33 31 9 3
34 32 94
35 33 95
36 34 96
37 35 97
38 36 98
39 37 99
440 33 500
’ 41 39 1

Anne·

 

