 

200 Henrici spelmanni

 

Anni Erae Anni Reges Anni Erae Anni ’ Regps
Htspan. chrzsti lhsp'an. Cbrzstg > ”
540 .. 600 62
41 3 , , 1 , 63
42 4 2 x 64
43 , 5 3 Ἰ. 65·
44 6·— Gefizlricus. 4 ι ’,66
45 7 5 67- Livua.
46 ᾗ 8 6 68 Leovigilclm
47 9 7 γ 69 2
48 510 8 5'70
49 1 1-Theudericus. 9 7 1
550 Α 1 2 61 0 72
5¹ 13 1 1 73
52 14 12 74
53 ¹ 5 ¹ 3 75 .
54 16 14 76
55 Ι7 ¹ 5 77
56 1 8 16 78 .
57 Ι9 I7 79
58 520 1 8 580
59 2 1 1 9 8 1
560 22 620 82
61 23 21 83
62 24 22 84
63 25 23 85 ·
64 26 24 “ 86-·· Reccaredtm
6 5 2 7- Amalaricus. 2 5 8 7 “
66 7-8 26 88
67 29 27 89
68 530 28 590
69 3 1·— Theudis. 29 9 1
570 32 630 92
71 33 3 1 93
72 . 34 32 94
7 3 35 3 3 9 5
74 36 34 96
75 37 35 97
76 38 36 98
77, 39 37 99 Ι
7²³ 540 38 600— Livua 11.
79 41 39 1
ς 80 42 640 2
8¹ 43 41 3- thericus.
82 44 42 4
8 45 43 5
²³4 46 44 6
8 ς 47 45 7
8 6 · 4 8—-- Thedtfiulus 46 8
87 49 Agila. 47 9
88 550 48 61 0‘·- Gundomarm.
39 5 1 49 1 1⁴
590 52 650 ¹ 2—— Sifi’butus.
9 1 53 51 13
9 2 54-- Aranagildm. 5 2 1 4
Ἣ 55 53 1 5
9-4- 56 54 16
95 57 55 17
96 58 56 1 8
97 59 57 19
98 560 58 620
99 ⁴6 1 59 2 1-—· Suimhila.

Anni

 

